[gd_scene load_steps=30 format=2]

[ext_resource path="res://Characters/JungleBoy/JungleBoy.glb" type="PackedScene" id=1]
[ext_resource path="res://Characters/JungleBoy/Idle.anim" type="Animation" id=2]

[sub_resource type="CapsuleShape" id=14]
radius = 0.0152219
height = 0.121776

[sub_resource type="CapsuleShape" id=15]
radius = 0.200978
height = 0.002

[sub_resource type="CapsuleShape" id=16]
radius = 0.155617
height = 0.002

[sub_resource type="CapsuleShape" id=17]
radius = 0.00669463
height = 0.0535571

[sub_resource type="CapsuleShape" id=18]
radius = 0.018435
height = 0.14748

[sub_resource type="CapsuleShape" id=19]
radius = 0.0392249
height = 0.313799

[sub_resource type="CapsuleShape" id=20]
radius = 0.0298581
height = 0.238865

[sub_resource type="CapsuleShape" id=21]
radius = 0.018435
height = 0.14748

[sub_resource type="CapsuleShape" id=22]
radius = 0.0392249
height = 0.313799

[sub_resource type="CapsuleShape" id=23]
radius = 0.0298581
height = 0.238865

[sub_resource type="CapsuleShape" id=24]
radius = 0.0418403
height = 0.334722

[sub_resource type="CapsuleShape" id=25]
radius = 0.0349714
height = 0.279771

[sub_resource type="CapsuleShape" id=26]
radius = 0.0132278
height = 0.105822

[sub_resource type="CapsuleShape" id=27]
radius = 0.0418403
height = 0.334722

[sub_resource type="CapsuleShape" id=28]
radius = 0.0349714
height = 0.279771

[sub_resource type="CapsuleShape" id=29]
radius = 0.0132278
height = 0.105822

[sub_resource type="AnimationNodeAnimation" id=12]
animation = "0_TPose"

[sub_resource type="AnimationNodeAnimation" id=4]
animation = "Jump"

[sub_resource type="AnimationNodeAnimation" id=3]
animation = "Janglu_Run"

[sub_resource type="AnimationNodeAnimation" id=5]
animation = "Slide"

[sub_resource type="AnimationNodeStateMachineTransition" id=8]
xfade_time = 0.1

[sub_resource type="AnimationNodeStateMachineTransition" id=9]
xfade_time = 0.1

[sub_resource type="AnimationNodeStateMachineTransition" id=10]
xfade_time = 0.1

[sub_resource type="AnimationNodeStateMachineTransition" id=11]
xfade_time = 0.1

[sub_resource type="AnimationNodeStateMachineTransition" id=13]
xfade_time = 0.25

[sub_resource type="AnimationNodeStateMachine" id=1]
states/Initial/node = SubResource( 12 )
states/Initial/position = Vector2( -187.639, 59 )
states/Jump/node = SubResource( 4 )
states/Jump/position = Vector2( 139, -28 )
states/Run/node = SubResource( 3 )
states/Run/position = Vector2( 139, 71 )
states/Slide/node = SubResource( 5 )
states/Slide/position = Vector2( 139, 177 )
transitions = [ "Run", "Slide", SubResource( 8 ), "Slide", "Run", SubResource( 9 ), "Run", "Jump", SubResource( 10 ), "Jump", "Run", SubResource( 11 ), "Initial", "Run", SubResource( 13 ) ]
graph_offset = Vector2( -405.639, -47 )

[sub_resource type="AnimationNodeStateMachinePlayback" id=2]

[node name="JungleBoy" instance=ExtResource( 1 )]

[node name="Janglu_Rig" parent="." index="0"]
transform = Transform( 0.429156, 0.312541, 0.847433, 0.247533, 0.861608, -0.443124, -0.86865, 0.399937, 0.2924, -0.240709, -0.145064, -0.292515 )

[node name="Janglu" parent="Janglu_Rig/Skeleton" index="0"]
transform = Transform( 1, 2.23517e-08, 5.96046e-08, 0, 1, 2.98023e-08, -1.04308e-07, 0, 1, 0.0238273, 0.0584562, -0.124377 )

[node name="Physical Bone root" type="PhysicalBone" parent="Janglu_Rig/Skeleton" index="1"]
transform = Transform( 1, 3.12924e-07, -5.96046e-08, 1.49012e-07, -0.249639, -0.968339, -2.68221e-07, 0.968339, -0.249639, 0, 0.837519, -0.0362001 )
joint_type = 2
joint_offset = Transform( 1, 0, 0, 0, 1, 0, 0, 0, 1, 3.43388e-08, 1.76546e-07, 0.0761102 )
body_offset = Transform( 1, 5.96046e-08, -5.96046e-08, 8.9407e-08, 5.96046e-08, -1, -4.47035e-08, 1, 2.98023e-08, -2.98023e-08, 0.0761102, -1.78814e-07 )
bone_name = "root"
joint_constraints/swing_span = 45.0
joint_constraints/twist_span = 180.0
joint_constraints/bias = 0.3
joint_constraints/softness = 0.8
joint_constraints/relaxation = 1.0

[node name="CollisionShape" type="CollisionShape" parent="Janglu_Rig/Skeleton/Physical Bone root" index="0"]
shape = SubResource( 14 )

[node name="Physical Bone abdomen" type="PhysicalBone" parent="Janglu_Rig/Skeleton" index="2"]
transform = Transform( 1, 2.5332e-07, -2.98023e-08, 2.98023e-08, -0.0621975, -0.998064, -3.27826e-07, 0.998064, -0.0621973, 5.96046e-08, 1.04601, -0.0088003 )
joint_type = 1
joint_offset = Transform( 1, 0, 0, 0, 1, 0, 0, 0, 1, -2.89729e-08, 2.468e-07, 0.135054 )
body_offset = Transform( 0.997982, 0.00691664, 0.0631339, 0.0623294, 0.0842462, -0.994494, -0.0121974, 0.996421, 0.0836452, -0.00852648, 0.134311, -0.0112969 )
bone_name = "abdomen"
joint_constraints/bias = 0.3
joint_constraints/damping = 1.0
joint_constraints/impulse_clamp = 0.0

[node name="CollisionShape" type="CollisionShape" parent="Janglu_Rig/Skeleton/Physical Bone abdomen" index="0"]
shape = SubResource( 15 )

[node name="Physical Bone chest" type="PhysicalBone" parent="Janglu_Rig/Skeleton" index="3"]
transform = Transform( 1, 2.08616e-07, -5.96046e-08, 5.96046e-08, 0.0332139, -0.999449, -2.98023e-07, 0.999449, 0.0332141, 1.63913e-07, 1.34631, -0.00590017 )
joint_type = 2
joint_offset = Transform( 1, 0, 0, 0, 1, 0, 0, 0, 1, 0.0168355, 0.0225101, 0.169245 )
body_offset = Transform( 0.963036, 0.0229441, 0.268396, 0.25405, 0.253912, -0.933267, -0.089562, 0.966956, 0.238698, -0.0621544, 0.147958, -0.0606569 )
bone_name = "chest"
joint_constraints/swing_span = 45.0
joint_constraints/twist_span = 180.0
joint_constraints/bias = 0.3
joint_constraints/softness = 0.8
joint_constraints/relaxation = 1.0

[node name="CollisionShape" type="CollisionShape" parent="Janglu_Rig/Skeleton/Physical Bone chest" index="0"]
shape = SubResource( 16 )

[node name="Physical Bone neck" type="PhysicalBone" parent="Janglu_Rig/Skeleton" index="4"]
transform = Transform( 1, 3.98606e-07, 5.96046e-08, 1.78814e-07, -0.489996, -0.871725, -4.47035e-07, 0.871725, -0.489996, 4.47035e-08, 1.54099, 0.00500163 )
joint_type = 1
joint_offset = Transform( 1, 0, 0, 0, 1, 0, 0, 0, 1, 0.100974, 0.104498, 0.00019664 )
body_offset = Transform( 0.948193, 0.298503, 0.108752, 0.115916, -0.00634612, -0.993238, -0.295794, 0.954388, -0.040619, -0.126957, -0.0108461, -0.0698565 )
bone_name = "neck"
joint_constraints/bias = 0.3
joint_constraints/damping = 1.0
joint_constraints/impulse_clamp = 0.0

[node name="CollisionShape" type="CollisionShape" parent="Janglu_Rig/Skeleton/Physical Bone neck" index="0"]
shape = SubResource( 17 )

[node name="Physical Bone shoulder_l" type="PhysicalBone" parent="Janglu_Rig/Skeleton" index="5"]
transform = Transform( 0.0278805, 0.303276, -0.952496, -0.258105, 0.922739, 0.286247, 0.965716, 0.237863, 0.104003, 0.1469, 1.44846, 0.0588132 )
joint_type = 3
joint_offset = Transform( 1, 0, 0, 0, 1, 0, 0, 0, 1, 0.110193, -0.00241634, 0.00885908 )
body_offset = Transform( 0.99927, -0.00351952, 0.0380693, 0.0370432, -0.157216, -0.986871, 0.00945819, 0.987558, -0.156971, -0.110459, 0.00428097, 0.00273466 )
bone_name = "shoulder_l"
joint_constraints/angular_limit_enabled = false
joint_constraints/angular_limit_upper = 90.0
joint_constraints/angular_limit_lower = -90.0
joint_constraints/angular_limit_bias = 0.3
joint_constraints/angular_limit_softness = 0.9
joint_constraints/angular_limit_relaxation = 1.0

[node name="CollisionShape" type="CollisionShape" parent="Janglu_Rig/Skeleton/Physical Bone shoulder_l" index="0"]
shape = SubResource( 18 )

[node name="Physical Bone upper_arm_l" type="PhysicalBone" parent="Janglu_Rig/Skeleton" index="6"]
transform = Transform( 0.00656182, 0.353838, -0.935284, -0.994151, -0.098525, -0.0442488, -0.107806, 0.930103, 0.351122, 0.418128, 1.43075, -0.0196366 )
joint_type = 3
joint_offset = Transform( 1, 0, 0, 0, 1, 0, 0, 0, 1, 0.0836136, 0.115463, 0.172132 )
body_offset = Transform( 0.126634, -0.973634, 0.189739, 0.728753, -0.0384523, -0.683697, 0.672965, 0.224852, 0.70467, 0.0691702, 0.0611923, -0.203527 )
bone_name = "upper_arm_l"
joint_constraints/angular_limit_enabled = false
joint_constraints/angular_limit_upper = 90.0
joint_constraints/angular_limit_lower = -90.0
joint_constraints/angular_limit_bias = 0.3
joint_constraints/angular_limit_softness = 0.9
joint_constraints/angular_limit_relaxation = 1.0

[node name="CollisionShape" type="CollisionShape" parent="Janglu_Rig/Skeleton/Physical Bone upper_arm_l" index="0"]
shape = SubResource( 19 )

[node name="Physical Bone forearm_l" type="PhysicalBone" parent="Janglu_Rig/Skeleton" index="7"]
transform = Transform( -0.0476087, -0.12777, -0.990661, -0.994872, 0.094679, 0.0356, 0.0892462, 0.987274, -0.131623, 0.749457, 1.43412, -0.0688501 )
joint_type = 3
joint_offset = Transform( 1, 0, 0, 0, 1, 0, 0, 0, 1, 0.390231, 0.058524, 0.179173 )
body_offset = Transform( -0.0186521, -0.637991, 0.769819, 0.957777, 0.20954, 0.196863, -0.286904, 0.740986, 0.607145, -0.0933143, -0.42129, -0.0401905 )
bone_name = "forearm_l"
joint_constraints/angular_limit_enabled = false
joint_constraints/angular_limit_upper = 90.0
joint_constraints/angular_limit_lower = -90.0
joint_constraints/angular_limit_bias = 0.3
joint_constraints/angular_limit_softness = 0.9
joint_constraints/angular_limit_relaxation = 1.0

[node name="CollisionShape" type="CollisionShape" parent="Janglu_Rig/Skeleton/Physical Bone forearm_l" index="0"]
shape = SubResource( 20 )

[node name="Physical Bone shoulder_r" type="PhysicalBone" parent="Janglu_Rig/Skeleton" index="8"]
transform = Transform( 0.0278814, -0.303277, 0.952496, 0.258102, 0.92274, 0.286248, -0.965717, 0.23786, 0.104004, -0.1469, 1.44846, 0.0588131 )
joint_type = 3
joint_offset = Transform( 1, 0, 0, 0, 1, 0, 0, 0, 1, -0.0937191, -0.0250139, 0.177314 )
body_offset = Transform( 0.986865, -0.0964281, 0.129624, 0.154852, 0.335837, -0.929105, 0.0460597, 0.936972, 0.346357, 0.067092, 0.187656, -0.0336598 )
bone_name = "shoulder_r"
joint_constraints/angular_limit_enabled = false
joint_constraints/angular_limit_upper = 90.0
joint_constraints/angular_limit_lower = -90.0
joint_constraints/angular_limit_bias = 0.3
joint_constraints/angular_limit_softness = 0.9
joint_constraints/angular_limit_relaxation = 1.0

[node name="CollisionShape" type="CollisionShape" parent="Janglu_Rig/Skeleton/Physical Bone shoulder_r" index="0"]
shape = SubResource( 21 )

[node name="Physical Bone upper_arm_r" type="PhysicalBone" parent="Janglu_Rig/Skeleton" index="9"]
transform = Transform( 0.00656182, -0.353838, 0.935284, 0.99415, -0.0985253, -0.0442487, 0.107806, 0.930103, 0.351121, -0.418128, 1.43075, -0.0196364 )
joint_type = 3
joint_offset = Transform( 1, 0, 0, 0, 1, 0, 0, 0, 1, 0.0405488, 0.0378693, 0.296979 )
body_offset = Transform( 0.627566, -0.756032, -0.185945, -0.0303604, 0.214885, -0.976167, 0.777971, 0.618255, 0.111901, 0.058405, 0.282994, -0.0881909 )
bone_name = "upper_arm_r"
joint_constraints/angular_limit_enabled = false
joint_constraints/angular_limit_upper = 90.0
joint_constraints/angular_limit_lower = -90.0
joint_constraints/angular_limit_bias = 0.3
joint_constraints/angular_limit_softness = 0.9
joint_constraints/angular_limit_relaxation = 1.0

[node name="CollisionShape" type="CollisionShape" parent="Janglu_Rig/Skeleton/Physical Bone upper_arm_r" index="0"]
shape = SubResource( 22 )

[node name="Physical Bone forearm_r" type="PhysicalBone" parent="Janglu_Rig/Skeleton" index="10"]
transform = Transform( -0.047609, 0.12777, 0.990661, 0.994871, 0.0946785, 0.0356002, -0.0892457, 0.987275, -0.131623, -0.749457, 1.43412, -0.0688499 )
joint_type = 3
joint_offset = Transform( 1, 0, 0, 0, 1, 0, 0, 0, 1, -0.00522674, 0.162189, 0.188722 )
body_offset = Transform( 0.68378, -0.726062, 0.0726447, 0.687494, 0.607679, -0.397589, 0.244529, 0.321806, 0.914684, 0.107624, -0.0199316, -0.223537 )
bone_name = "forearm_r"
joint_constraints/angular_limit_enabled = false
joint_constraints/angular_limit_upper = 90.0
joint_constraints/angular_limit_lower = -90.0
joint_constraints/angular_limit_bias = 0.3
joint_constraints/angular_limit_softness = 0.9
joint_constraints/angular_limit_relaxation = 1.0

[node name="CollisionShape" type="CollisionShape" parent="Janglu_Rig/Skeleton/Physical Bone forearm_r" index="0"]
shape = SubResource( 23 )

[node name="Physical Bone thigh_l" type="PhysicalBone" parent="Janglu_Rig/Skeleton" index="11"]
transform = Transform( 1, 1.49012e-07, 1.19209e-07, 2.98023e-08, -0.191976, 0.9814, -5.96046e-08, -0.9814, -0.191976, 0.166076, 0.620609, 0.0277615 )
joint_type = 3
joint_offset = Transform( 1, 0, 0, 0, 1, 0, 0, 0, 1, -1.56462e-07, 3.72529e-08, 0.209201 )
body_offset = Transform( 0.956975, 0.237592, -0.166585, 0.0618147, -0.727831, -0.682965, -0.283512, 0.643282, -0.711202, 0.0348498, 0.142877, 0.148784 )
bone_name = "thigh_l"
joint_constraints/angular_limit_enabled = false
joint_constraints/angular_limit_upper = 90.0
joint_constraints/angular_limit_lower = -90.0
joint_constraints/angular_limit_bias = 0.3
joint_constraints/angular_limit_softness = 0.9
joint_constraints/angular_limit_relaxation = 1.0

[node name="CollisionShape" type="CollisionShape" parent="Janglu_Rig/Skeleton/Physical Bone thigh_l" index="0"]
shape = SubResource( 24 )

[node name="Physical Bone shin_l" type="PhysicalBone" parent="Janglu_Rig/Skeleton" index="12"]
transform = Transform( 1, 0, 1.78814e-07, 8.9407e-08, 0.127792, 0.991802, -2.98023e-08, -0.991802, 0.127792, 0.166076, 0.241875, 0.0455776 )
joint_type = 3
joint_offset = Transform( 1, 0, 0, 0, 1, 0, 0, 0, 1, 0.0258633, -0.247048, 0.396891 )
body_offset = Transform( 0.955121, 0.217399, -0.201202, -0.272873, 0.38145, -0.883197, -0.115257, 0.898463, 0.423653, 0.10886, 0.451827, 0.0568006 )
bone_name = "shin_l"
joint_constraints/angular_limit_enabled = false
joint_constraints/angular_limit_upper = 90.0
joint_constraints/angular_limit_lower = -90.0
joint_constraints/angular_limit_bias = 0.3
joint_constraints/angular_limit_softness = 0.9
joint_constraints/angular_limit_relaxation = 1.0

[node name="CollisionShape" type="CollisionShape" parent="Janglu_Rig/Skeleton/Physical Bone shin_l" index="0"]
shape = SubResource( 25 )

[node name="Physical Bone foot_l" type="PhysicalBone" parent="Janglu_Rig/Skeleton" index="13"]
transform = Transform( 1, 7.45058e-07, 8.19564e-08, 8.34465e-07, -0.931783, 0.363019, 3.8743e-07, -0.363019, -0.931783, 0.166076, 0.0444415, 0.0848592 )
joint_type = 4
joint_offset = Transform( 1, 0, 0, 0, 1, 0, 0, 0, 1, -0.0695642, -0.282521, 0.0191837 )
body_offset = Transform( 0.706264, 0.61815, 0.345082, 0.524263, -0.129108, -0.841713, -0.475752, 0.775385, -0.415258, 0.217152, 0.0161414, 0.193934 )
bone_name = "foot_l"
joint_constraints/linear_limit_upper = 1.0
joint_constraints/linear_limit_lower = -1.0
joint_constraints/linear_limit_softness = 1.0
joint_constraints/linear_limit_restitution = 0.7
joint_constraints/linear_limit_damping = 1.0
joint_constraints/angular_limit_upper = 0.0
joint_constraints/angular_limit_lower = 0.0
joint_constraints/angular_limit_softness = 1.0
joint_constraints/angular_limit_restitution = 0.7
joint_constraints/angular_limit_damping = 1.0

[node name="CollisionShape" type="CollisionShape" parent="Janglu_Rig/Skeleton/Physical Bone foot_l" index="0"]
shape = SubResource( 26 )

[node name="Physical Bone thigh_r" type="PhysicalBone" parent="Janglu_Rig/Skeleton" index="14"]
transform = Transform( 1, 2.98023e-08, 2.98023e-08, 5.96046e-08, -0.191976, 0.9814, -1.49012e-07, -0.9814, -0.191976, -0.166076, 0.620607, 0.0277616 )
joint_type = 3
joint_offset = Transform( 1, 0, 0, 0, 1, 0, 0, 0, 1, 8.9407e-08, -1.2666e-07, 0.209202 )
body_offset = Transform( 0.66325, -0.488883, -0.566651, -0.614037, -0.788335, -0.038572, -0.427853, 0.373527, -0.823055, 0.118544, 0.00806931, 0.172185 )
bone_name = "thigh_r"
joint_constraints/angular_limit_enabled = false
joint_constraints/angular_limit_upper = 90.0
joint_constraints/angular_limit_lower = -90.0
joint_constraints/angular_limit_bias = 0.3
joint_constraints/angular_limit_softness = 0.9
joint_constraints/angular_limit_relaxation = 1.0

[node name="CollisionShape" type="CollisionShape" parent="Janglu_Rig/Skeleton/Physical Bone thigh_r" index="0"]
shape = SubResource( 27 )

[node name="Physical Bone shin_r" type="PhysicalBone" parent="Janglu_Rig/Skeleton" index="15"]
transform = Transform( 1, -1.19209e-07, 5.96046e-08, 2.98023e-08, 0.127792, 0.991801, -1.19209e-07, -0.991802, 0.127792, -0.166076, 0.241875, 0.0455774 )
joint_type = 3
joint_offset = Transform( 1, 0, 0, 0, 1, 0, 0, 0, 1, -0.256914, -0.185918, 0.660703 )
body_offset = Transform( 0.63237, -0.672858, -0.38389, -0.726315, -0.342646, -0.595869, 0.269397, 0.655635, -0.705386, 0.291005, 0.143387, 0.657157 )
bone_name = "shin_r"
joint_constraints/angular_limit_enabled = false
joint_constraints/angular_limit_upper = 90.0
joint_constraints/angular_limit_lower = -90.0
joint_constraints/angular_limit_bias = 0.3
joint_constraints/angular_limit_softness = 0.9
joint_constraints/angular_limit_relaxation = 1.0

[node name="CollisionShape" type="CollisionShape" parent="Janglu_Rig/Skeleton/Physical Bone shin_r" index="0"]
shape = SubResource( 28 )

[node name="Physical Bone foot_r" type="PhysicalBone" parent="Janglu_Rig/Skeleton" index="16"]
transform = Transform( 1, -1.04308e-06, -1.78814e-07, -8.34465e-07, -0.931783, 0.363018, -5.06639e-07, -0.363019, -0.931783, -0.166076, 0.0444416, 0.0848593 )
joint_type = 3
joint_offset = Transform( 1, 0, 0, 0, 1, 0, 0, 0, 1, -0.510918, -0.682369, -0.0794692 )
body_offset = Transform( 0.59735, -0.488573, -0.63598, -0.800645, -0.317549, -0.508066, 0.0462723, 0.812687, -0.580861, -0.078731, -0.666125, 0.532033 )
bone_name = "foot_r"
joint_constraints/angular_limit_enabled = false
joint_constraints/angular_limit_upper = 90.0
joint_constraints/angular_limit_lower = -90.0
joint_constraints/angular_limit_bias = 0.3
joint_constraints/angular_limit_softness = 0.9
joint_constraints/angular_limit_relaxation = 1.0

[node name="CollisionShape" type="CollisionShape" parent="Janglu_Rig/Skeleton/Physical Bone foot_r" index="0"]
shape = SubResource( 29 )

[node name="AnimationTree" type="AnimationTree" parent="." index="1"]
tree_root = SubResource( 1 )
anim_player = NodePath("../AnimationPlayer")
active = true
parameters/playback = SubResource( 2 )

[node name="AnimationPlayer" parent="." index="2"]
playback_process_mode = 2
playback_default_blend_time = 0.25
anims/Idle = ExtResource( 2 )
